[gd_scene load_steps=3 format=3 uid="uid://oidd8isg4ovc"]

[ext_resource type="Script" path="res://game/lib/gear.gd" id="1_qr7of"]
[ext_resource type="PackedScene" uid="uid://dxustsdjbbpp7" path="res://game/assets/characters/accesories/astroHelmet.fbx" id="2_am5ef"]

[node name="Gear" type="Node3D"]
script = ExtResource("1_qr7of")

[node name="DefaultSkeleton" type="Skeleton3D" parent="."]
transform = Transform3D(100, 0, 0, 0, -4.37114e-06, 100, 0, -100, -4.37114e-06, 0, 0, 0)
bones/0/name = "LeftFootCtrl"
bones/0/parent = -1
bones/0/rest = Transform3D(-4.76837e-07, -5.96046e-08, -1, 1, -1.19209e-07, -4.17233e-07, -5.96046e-08, -1, 0, 0.00153633, 0.00111171, 0.00208906)
bones/0/enabled = true
bones/0/position = Vector3(0.00153633, 0.00111171, 0.00208906)
bones/0/rotation = Quaternion(-0.5, -0.5, 0.5, 0.5)
bones/0/scale = Vector3(1, 1, 1)
bones/1/name = "LeftHeelRoll"
bones/1/parent = 0
bones/1/rest = Transform3D(-0.000535488, -0.999999, -0.000901431, -0.0317281, 0.000917971, -0.999496, 0.999496, -0.000506639, -0.0317286, 0.000708525, 0.00179902, -0.000222404)
bones/1/enabled = true
bones/1/position = Vector3(0.000708525, 0.00179902, -0.000222404)
bones/1/rotation = Quaternion(-0.507512, 0.508228, -0.491907, -0.492101)
bones/1/scale = Vector3(1, 1, 1)
bones/2/name = "LeftToeRoll"
bones/2/parent = 1
bones/2/rest = Transform3D(-0.978558, 0.203479, 0.031728, -0.203608, -0.979051, -0.00091305, 0.0308773, -0.00735359, 0.999496, -0.000286642, 0.00306933, 1.04254e-05)
bones/2/enabled = true
bones/2/position = Vector3(-0.000286642, 0.00306933, 1.04254e-05)
bones/2/rotation = Quaternion(0.015736, -0.00207783, 0.994625, -0.102322)
bones/2/scale = Vector3(0.999993, 1, 1)
bones/3/name = "LeftFootIK"
bones/3/parent = 2
bones/3/rest = Transform3D(0.987642, 0.00604606, 0.15661, -0.0888166, -0.801721, 0.591063, 0.129131, -0.597668, -0.791275, -1.8214e-05, 0.00241522, 0.0018005)
bones/3/enabled = true
bones/3/position = Vector3(-1.8214e-05, 0.00241522, 0.0018005)
bones/3/rotation = Quaternion(0.946129, -0.0218708, 0.0755025, -0.314104)
bones/3/scale = Vector3(1, 1, 0.999999)
bones/4/name = "LeftFootIK_end"
bones/4/parent = 3
bones/4/rest = Transform3D(1, 2.77556e-17, -1.38778e-17, -2.77556e-17, 1, 5.55112e-17, 1.38778e-17, -5.55112e-17, 1, 2.77556e-19, 0.00301254, -2.77556e-19)
bones/4/enabled = true
bones/4/position = Vector3(2.77556e-19, 0.00301254, -2.77556e-19)
bones/4/rotation = Quaternion(-2.77556e-17, -6.93889e-18, -1.38778e-17, 1)
bones/4/scale = Vector3(1, 1, 1)
bones/5/name = "LeftFootRollCtrl"
bones/5/parent = 0
bones/5/rest = Transform3D(2.38419e-07, 1, 1.78814e-07, 5.96046e-08, 1.19209e-07, -1, -1, 2.98023e-07, -1.19209e-07, -3.76797e-11, -4.19926e-10, 8.63761e-13)
bones/5/enabled = true
bones/5/position = Vector3(-3.76797e-11, -4.19926e-10, 8.63761e-13)
bones/5/rotation = Quaternion(0.5, 0.5, -0.5, 0.5)
bones/5/scale = Vector3(1, 1, 1)
bones/6/name = "LeftFootRollCtrl_end"
bones/6/parent = 5
bones/6/rest = Transform3D(1, 1.05879e-22, 1.45667e-23, -1.05879e-22, 1, -1.05879e-22, -1.45667e-23, 1.05879e-22, 1, 2.77556e-19, 0.00292767, -2.77556e-19)
bones/6/enabled = true
bones/6/position = Vector3(2.77556e-19, 0.00292767, -2.77556e-19)
bones/6/rotation = Quaternion(5.29396e-23, 7.28334e-24, -5.29396e-23, 1)
bones/6/scale = Vector3(1, 1, 1)
bones/7/name = "LeftKneeCtrl"
bones/7/parent = 0
bones/7/rest = Transform3D(3.57628e-07, -8.74228e-08, -1, 7.10543e-15, -1, 8.74228e-08, -1, -3.55271e-14, -3.57628e-07, -0.00617958, -0.00541466, -0.000158199)
bones/7/enabled = true
bones/7/position = Vector3(-0.00617958, -0.00541466, -0.000158199)
bones/7/rotation = Quaternion(0.707107, -3.09086e-08, -0.707107, -3.09086e-08)
bones/7/scale = Vector3(1, 1, 1)
bones/8/name = "LeftKneeCtrl_end"
bones/8/parent = 7
bones/8/rest = Transform3D(1, -1.96008e-23, -2.11758e-22, 1.96008e-23, 1, 2.64698e-23, 2.11758e-22, -2.64698e-23, 1, 2.77556e-19, 0.00336816, 0)
bones/8/enabled = true
bones/8/position = Vector3(2.77556e-19, 0.00336816, 0)
bones/8/rotation = Quaternion(-1.32349e-23, -1.05879e-22, 9.80042e-24, 1)
bones/8/scale = Vector3(1, 1, 1)
bones/9/name = "RightFootCtrl"
bones/9/parent = -1
bones/9/rest = Transform3D(-4.76837e-07, -5.96046e-08, -1, 1, -1.19209e-07, -4.17233e-07, -5.96046e-08, -1, 0, -0.00151595, 0.00111171, 0.00208906)
bones/9/enabled = true
bones/9/position = Vector3(-0.00151595, 0.00111171, 0.00208906)
bones/9/rotation = Quaternion(-0.5, -0.5, 0.5, 0.5)
bones/9/scale = Vector3(1, 1, 1)
bones/10/name = "RightHeelRoll"
bones/10/parent = 9
bones/10/rest = Transform3D(0.000477672, -1, -0.000937075, -0.031726, 0.000921428, -0.999496, 0.999496, 0.000507146, -0.0317256, 0.000708526, 0.00179902, 0.000222404)
bones/10/enabled = true
bones/10/position = Vector3(0.000708526, 0.00179902, 0.000222404)
bones/10/rotation = Quaternion(-0.50776, 0.507979, -0.491649, -0.49236)
bones/10/scale = Vector3(1, 1, 1)
bones/11/name = "RightToeRoll"
bones/11/parent = 10
bones/11/rest = Transform3D(-0.978546, -0.203536, 0.0317259, 0.203608, -0.979052, -0.000917807, 0.0312478, 0.00556156, 0.999496, 0.000286727, 0.00306933, -7.77516e-06)
bones/11/enabled = true
bones/11/position = Vector3(0.000286727, 0.00306933, -7.77516e-06)
bones/11/rotation = Quaternion(0.0158286, 0.00116721, 0.994623, 0.102336)
bones/11/scale = Vector3(0.999992, 1, 1)
bones/12/name = "RightFootIK"
bones/12/parent = 11
bones/12/rest = Transform3D(0.99585, -0.00604628, -0.0908125, 0.0494503, -0.80172, 0.59565, -0.0764078, -0.597668, -0.798094, 1.82144e-05, 0.00241522, 0.0018005)
bones/12/enabled = true
bones/12/position = Vector3(1.82144e-05, 0.00241522, 0.0018005)
bones/12/rotation = Quaternion(0.948112, 0.0114449, -0.044093, -0.314656)
bones/12/scale = Vector3(1, 1, 1)
bones/13/name = "RightFootIK_end"
bones/13/parent = 12
bones/13/rest = Transform3D(1, 4.16334e-17, 1.38778e-17, -4.16334e-17, 1, -5.77779e-34, -1.38778e-17, 0, 1, 2.77556e-19, 0.00301254, 1.38778e-19)
bones/13/enabled = true
bones/13/position = Vector3(2.77556e-19, 0.00301254, 1.38778e-19)
bones/13/rotation = Quaternion(1.44445e-34, 6.93889e-18, -2.08167e-17, 1)
bones/13/scale = Vector3(1, 1, 1)
bones/14/name = "RightFootRollCtrl"
bones/14/parent = 9
bones/14/rest = Transform3D(2.38419e-07, 1, 1.78814e-07, 5.96046e-08, 1.19209e-07, -1, -1, 2.98023e-07, -1.19209e-07, -4.77428e-12, -4.32171e-10, 8.63761e-13)
bones/14/enabled = true
bones/14/position = Vector3(-4.77428e-12, -4.32171e-10, 8.63761e-13)
bones/14/rotation = Quaternion(0.5, 0.5, -0.5, 0.5)
bones/14/scale = Vector3(1, 1, 1)
bones/15/name = "RightFootRollCtrl_end"
bones/15/parent = 14
bones/15/rest = Transform3D(1, 1.05879e-22, 1.45667e-23, -1.05879e-22, 1, -1.05879e-22, -1.45667e-23, 1.05879e-22, 1, 2.77556e-19, 0.00292767, 2.77556e-19)
bones/15/enabled = true
bones/15/position = Vector3(2.77556e-19, 0.00292767, 2.77556e-19)
bones/15/rotation = Quaternion(5.29396e-23, 7.28334e-24, -5.29396e-23, 1)
bones/15/scale = Vector3(1, 1, 1)
bones/16/name = "RightKneeCtrl"
bones/16/parent = 9
bones/16/rest = Transform3D(3.57628e-07, -8.74228e-08, -1, 7.10543e-15, -1, 8.74228e-08, -1, -3.55271e-14, -3.57628e-07, -0.00617958, -0.00541466, -4.44721e-05)
bones/16/enabled = true
bones/16/position = Vector3(-0.00617958, -0.00541466, -4.44721e-05)
bones/16/rotation = Quaternion(0.707107, -3.09086e-08, -0.707107, -3.09086e-08)
bones/16/scale = Vector3(1, 1, 1)
bones/17/name = "RightKneeCtrl_end"
bones/17/parent = 16
bones/17/rest = Transform3D(1, -1.96008e-23, -2.11758e-22, 1.96008e-23, 1, 2.64698e-23, 2.11758e-22, -2.64698e-23, 1, 0, 0.00336816, 0)
bones/17/enabled = true
bones/17/position = Vector3(0, 0.00336816, 0)
bones/17/rotation = Quaternion(-1.32349e-23, -1.05879e-22, 9.80042e-24, 1)
bones/17/scale = Vector3(1, 1, 1)
bones/18/name = "HipsCtrl"
bones/18/parent = -1
bones/18/rest = Transform3D(-0.999996, 0.0028862, 0.000186031, -0.000186031, 2.38419e-07, -1, -0.0028862, -0.999996, 3.57628e-07, 5.54318e-06, -0.000688797, 0.0172089)
bones/18/enabled = true
bones/18/position = Vector3(5.54318e-06, -0.000688797, 0.0172089)
bones/18/rotation = Quaternion(-0.000954656, -0.707106, 0.707106, -0.0010862)
bones/18/scale = Vector3(1, 1, 1)
bones/19/name = "Hips"
bones/19/parent = 18
bones/19/rest = Transform3D(-1, -0.0028862, 0.000186028, 0.00288622, -0.999996, -7.96127e-07, 0.000186031, -2.59208e-07, 1, 4.64599e-06, 0.00321951, -4.38816e-10)
bones/19/enabled = true
bones/19/position = Vector3(4.64599e-06, 0.00321951, -4.38816e-10)
bones/19/rotation = Quaternion(9.30146e-05, -2.63834e-07, 0.999999, 0.0014431)
bones/19/scale = Vector3(1, 1, 1)
bones/20/name = "Spine"
bones/20/parent = 19
bones/20/rest = Transform3D(1, 3.00116e-08, -2.66815e-07, -1.28161e-08, 0.997936, 0.0642154, 2.68192e-07, -0.0642154, 0.997936, -1.599e-13, 0.00321952, 4.15154e-15)
bones/20/enabled = true
bones/20/position = Vector3(-1.599e-13, 0.00321952, 4.15154e-15)
bones/20/rotation = Quaternion(-0.0321243, -1.33821e-07, -1.07125e-08, 0.999484)
bones/20/scale = Vector3(1, 1, 1)
bones/21/name = "Chest"
bones/21/parent = 20
bones/21/rest = Transform3D(1, -4.39854e-08, 5.03333e-07, 1.80241e-08, 0.998675, 0.0514629, -5.0493e-07, -0.0514629, 0.998675, 1.08979e-13, 0.00211356, -1.51734e-10)
bones/21/enabled = true
bones/21/position = Vector3(1.08979e-13, 0.00211356, -1.51734e-10)
bones/21/rotation = Quaternion(-0.02574, 2.52149e-07, 1.55075e-08, 0.999669)
bones/21/scale = Vector3(1, 1, 1)
bones/22/name = "UpperChest"
bones/22/parent = 21
bones/22/rest = Transform3D(1, -1.78515e-08, 6.67089e-10, 1.78513e-08, 0.997193, -0.0748742, 6.71399e-10, 0.0748742, 0.997193, 6.74545e-13, 0.00259614, -1.83846e-10)
bones/22/enabled = true
bones/22/position = Vector3(6.74545e-13, 0.00259614, -1.83846e-10)
bones/22/rotation = Quaternion(0.0374634, -1.07827e-12, 8.93197e-09, 0.999298)
bones/22/scale = Vector3(1, 1, 1)
bones/23/name = "Neck"
bones/23/parent = 22
bones/23/rest = Transform3D(1, -8.82832e-08, 1.69474e-08, 8.82832e-08, 0.928917, -0.370288, 1.69475e-08, 0.370288, 0.928917, -8.63929e-13, 0.00287528, -5.34511e-11)
bones/23/enabled = true
bones/23/position = Vector3(-8.63929e-13, 0.00287528, -5.34511e-11)
bones/23/rotation = Quaternion(0.188525, -5.42637e-15, 4.49476e-08, 0.982068)
bones/23/scale = Vector3(1, 1, 1)
bones/24/name = "Head"
bones/24/parent = 23
bones/24/rest = Transform3D(1, 5.6502e-08, 6.79187e-09, -5.65022e-08, 0.971512, 0.236988, 6.79194e-09, -0.236988, 0.971513, 4.26059e-13, 0.000987561, -7.20279e-11)
bones/24/enabled = true
bones/24/position = Vector3(4.26059e-13, 0.000987561, -7.20279e-11)
bones/24/rotation = Quaternion(-0.119347, -1.05112e-14, -2.84544e-08, 0.992853)
bones/24/scale = Vector3(1, 0.999999, 1)
bones/25/name = "Head_end"
bones/25/parent = 24
bones/25/rest = Transform3D(1, 0, -2.64698e-23, 0, 1, 0, 2.64698e-23, 0, 1, 0, 0.00514608, 0)
bones/25/enabled = true
bones/25/position = Vector3(0, 0.00514608, 0)
bones/25/rotation = Quaternion(0, -1.32349e-23, 0, 1)
bones/25/scale = Vector3(1, 1, 1)
bones/26/name = "LeftShoulder"
bones/26/parent = 22
bones/26/rest = Transform3D(0.0887258, 0.904466, 0.417216, -0.0423269, -0.415066, 0.908806, 0.995156, -0.0982941, 0.00145608, 0.0008828, 0.00212791, 0.000522776)
bones/26/enabled = true
bones/26/position = Vector3(0.0008828, 0.00212791, 0.000522776)
bones/26/rotation = Quaternion(0.612849, 0.351693, 0.57615, -0.410827)
bones/26/scale = Vector3(1, 1, 1)
bones/27/name = "LeftArm"
bones/27/parent = 26
bones/27/rest = Transform3D(-0.00961174, 0.0643537, 0.997888, 0.344349, 0.937099, -0.0571179, -0.938794, 0.343068, -0.0311676, -4.19095e-11, 0.0017931, 1.13272e-09)
bones/27/enabled = true
bones/27/position = Vector3(-4.19095e-11, 0.0017931, 1.13272e-09)
bones/27/rotation = Quaternion(0.145304, 0.703186, 0.101663, 0.688535)
bones/27/scale = Vector3(1, 0.999996, 1.00001)
bones/28/name = "LeftForeArm"
bones/28/parent = 27
bones/28/rest = Transform3D(0.999152, 0.0331202, 0.024452, -0.0298984, 0.992073, -0.122058, -0.0283008, 0.121224, 0.992222, -1.95723e-09, 0.00514359, -2.79397e-11)
bones/28/enabled = true
bones/28/position = Vector3(-1.95723e-09, 0.00514359, -2.79397e-11)
bones/28/rotation = Quaternion(0.0609467, 0.0132156, -0.0157874, 0.997929)
bones/28/scale = Vector3(1, 1, 1)
bones/29/name = "LeftHand"
bones/29/parent = 28
bones/29/rest = Transform3D(-0.0485204, -0.0358043, 0.99818, -0.0997486, 0.994535, 0.0308249, -0.993829, -0.0980715, -0.0518267, -2.63797e-09, 0.00365071, -7.45058e-11)
bones/29/enabled = true
bones/29/position = Vector3(-2.63797e-09, 0.00365071, -7.45058e-11)
bones/29/rotation = Quaternion(-0.0468273, 0.723685, -0.0232306, 0.688147)
bones/29/scale = Vector3(1, 1, 1)
bones/30/name = "LeftHandIndex1"
bones/30/parent = 29
bones/30/rest = Transform3D(0.988032, -0.0123596, -0.153757, -0.0115549, 0.988054, -0.153675, 0.15382, 0.153612, 0.976085, -1.25729e-10, 0.00124402, -2.73809e-09)
bones/30/enabled = true
bones/30/position = Vector3(-1.25729e-10, 0.00124402, -2.73809e-09)
bones/30/rotation = Quaternion(0.0772852, -0.077358, 0.000202375, 0.994003)
bones/30/scale = Vector3(1, 1, 1)
bones/31/name = "LeftHandIndex2"
bones/31/parent = 30
bones/31/rest = Transform3D(0.987568, -0.0832763, 0.133321, 0.0976672, 0.989632, -0.10531, -0.123169, 0.117022, 0.985462, 1.86265e-10, 0.000891547, -1.38767e-09)
bones/31/enabled = true
bones/31/position = Vector3(1.86265e-10, 0.000891547, -1.38767e-09)
bones/31/rotation = Quaternion(0.0558444, 0.0644237, 0.0454485, 0.995322)
bones/31/scale = Vector3(1, 1, 1)
bones/32/name = "LeftHandIndex3"
bones/32/parent = 31
bones/32/rest = Transform3D(0.996944, 0.00260941, -0.0780792, -0.0180615, 0.980063, -0.197863, 0.0760062, 0.198668, 0.977115, 1.11759e-10, 0.00103366, -2.6729e-09)
bones/32/enabled = true
bones/32/position = Vector3(1.11759e-10, 0.00103366, -2.6729e-09)
bones/32/rotation = Quaternion(0.0997061, -0.0387442, -0.00519763, 0.994249)
bones/32/scale = Vector3(1, 1, 1)
bones/33/name = "LeftHandIndex3_end"
bones/33/parent = 32
bones/33/rest = Transform3D(1, 2.04301e-34, -4.33681e-18, 0, 1, 4.71086e-17, 4.33681e-18, -4.71086e-17, 1, 1.38778e-19, 0.00100352, -4.44089e-18)
bones/33/enabled = true
bones/33/position = Vector3(1.38778e-19, 0.00100352, -4.44089e-18)
bones/33/rotation = Quaternion(-2.35543e-17, -2.1684e-18, -5.10752e-35, 1)
bones/33/scale = Vector3(1, 1, 1)
bones/34/name = "LeftHandThumb1"
bones/34/parent = 29
bones/34/rest = Transform3D(-0.236632, -0.910341, 0.339537, 0.0648713, 0.333878, 0.940381, -0.969431, 0.24455, -0.0199512, -0.000643105, 0.000743017, 0.000108192)
bones/34/enabled = true
bones/34/position = Vector3(-0.000643105, 0.000743017, 0.000108192)
bones/34/rotation = Quaternion(-0.335202, 0.630567, 0.469788, 0.518964)
bones/34/scale = Vector3(1, 1, 1)
bones/35/name = "LeftHandThumb2"
bones/35/parent = 34
bones/35/rest = Transform3D(0.998306, -0.0420332, -0.0402366, 0.0244587, 0.930575, -0.365283, 0.0527972, 0.36368, 0.930026, -4.47035e-10, 0.00105625, 4.47035e-10)
bones/35/enabled = true
bones/35/position = Vector3(-4.47035e-10, 0.00105625, 4.47035e-10)
bones/35/rotation = Quaternion(0.185543, -0.0236798, 0.0169242, 0.982205)
bones/35/scale = Vector3(1, 1, 1)
bones/36/name = "LeftHandThumb2_end"
bones/36/parent = 35
bones/36/rest = Transform3D(1, 2.77556e-17, -2.77556e-17, -2.77556e-17, 1, -5.55112e-17, 2.77556e-17, 5.55112e-17, 1, -4.44089e-18, 0.00126905, 1.11022e-18)
bones/36/enabled = true
bones/36/position = Vector3(-4.44089e-18, 0.00126905, 1.11022e-18)
bones/36/rotation = Quaternion(2.77556e-17, -1.38778e-17, -1.38778e-17, 1)
bones/36/scale = Vector3(1, 1, 1)
bones/37/name = "RightShoulder"
bones/37/parent = 22
bones/37/rest = Transform3D(0.0887263, -0.904466, 0.417216, -0.408477, -0.415066, -0.812937, 0.908446, -0.0982945, -0.406281, -0.000882801, 0.00212791, 0.000522775)
bones/37/enabled = true
bones/37/position = Vector3(-0.000882801, 0.00212791, 0.000522775)
bones/37/rotation = Quaternion(0.691027, -0.474997, 0.479598, 0.258544)
bones/37/scale = Vector3(1, 1, 1)
bones/38/name = "RightArm"
bones/38/parent = 37
bones/38/rest = Transform3D(-0.889102, -0.0808192, -0.45053, 0.0862124, 0.937099, -0.33824, 0.449531, -0.339567, -0.826208, 5.40167e-10, 0.0017931, 0)
bones/38/enabled = true
bones/38/position = Vector3(5.40167e-10, 0.0017931, 0)
bones/38/rotation = Quaternion(0.00141078, 0.955563, -0.177332, -0.235478)
bones/38/scale = Vector3(1.00001, 0.999996, 1)
bones/39/name = "RightForeArm"
bones/39/parent = 38
bones/39/rest = Transform3D(0.968306, -0.117965, -0.220154, 0.124591, 0.992072, 0.0164076, 0.216473, -0.0433169, 0.975327, 0, 0.00514359, -3.44124e-09)
bones/39/enabled = true
bones/39/position = Vector3(0, 0.00514359, -3.44124e-09)
bones/39/rotation = Quaternion(-0.0150526, -0.110045, 0.0611325, 0.991931)
bones/39/scale = Vector3(1, 1, 1)
bones/40/name = "RightHand"
bones/40/parent = 39
bones/40/rest = Transform3D(0.971245, 0.101392, 0.215414, -0.0935371, 0.994535, -0.0463771, -0.218939, 0.0248943, 0.975421, 1.49012e-10, 0.0036507, -8.3819e-10)
bones/40/enabled = true
bones/40/position = Vector3(1.49012e-10, 0.0036507, -8.3819e-10)
bones/40/rotation = Quaternion(0.0179503, 0.109395, -0.0490944, 0.992623)
bones/40/scale = Vector3(1, 1, 1)
bones/41/name = "RightHandIndex1"
bones/41/parent = 40
bones/41/rest = Transform3D(0.988032, 0.0123591, -0.153754, 0.0115549, 0.988054, 0.153675, 0.153816, -0.153612, 0.976086, 5.12227e-11, 0.00124402, -1.14553e-09)
bones/41/enabled = true
bones/41/position = Vector3(5.12227e-11, 0.00124402, -1.14553e-09)
bones/41/rotation = Quaternion(-0.0772853, -0.0773565, -0.000202264, 0.994003)
bones/41/scale = Vector3(1, 1, 1)
bones/42/name = "RightHandIndex2"
bones/42/parent = 41
bones/42/rest = Transform3D(0.986044, -0.099839, 0.133228, 0.0845113, 0.989632, 0.116132, -0.143441, -0.103252, 0.984258, 1.67638e-10, 0.000891546, -1.03842e-09)
bones/42/enabled = true
bones/42/position = Vector3(1.67638e-10, 0.000891546, -1.03842e-09)
bones/42/rotation = Quaternion(-0.0551225, 0.0695163, 0.0463201, 0.994979)
bones/42/scale = Vector3(1, 1, 1)
bones/43/name = "RightHandIndex3"
bones/43/parent = 42
bones/43/rest = Transform3D(0.998791, 0.0261142, -0.0416501, -0.0173708, 0.980062, 0.197929, 0.0459885, -0.196966, 0.979331, -7.45058e-11, 0.00103366, 4.25149e-09)
bones/43/enabled = true
bones/43/position = Vector3(-7.45058e-11, 0.00103366, 4.25149e-09)
bones/43/rotation = Quaternion(-0.0992437, -0.0220251, -0.0109285, 0.994759)
bones/43/scale = Vector3(1, 1, 1)
bones/44/name = "RightHandIndex3_end"
bones/44/parent = 43
bones/44/rest = Transform3D(1, 1.38778e-17, 4.55365e-18, -1.38778e-17, 1, -5.67309e-17, -4.55365e-18, 5.67309e-17, 1, -2.77556e-19, 0.00100353, 0)
bones/44/enabled = true
bones/44/position = Vector3(-2.77556e-19, 0.00100353, 0)
bones/44/rotation = Quaternion(2.83654e-17, 2.27682e-18, -6.93889e-18, 1)
bones/44/scale = Vector3(1, 1, 1)
bones/45/name = "RightHandThumb1"
bones/45/parent = 40
bones/45/rest = Transform3D(-0.461387, -0.859532, -0.219836, -0.181248, 0.333879, -0.925027, 0.868488, -0.386951, -0.309836, -0.000617534, 0.000743016, -0.00020962)
bones/45/enabled = true
bones/45/position = Vector3(-0.000617534, 0.000743016, -0.00020962)
bones/45/rotation = Quaternion(-0.358668, 0.725449, -0.452126, -0.375052)
bones/45/scale = Vector3(1, 1, 1)
bones/46/name = "RightHandThumb2"
bones/46/parent = 45
bones/46/rest = Transform3D(0.989316, -0.13492, -0.0552301, 0.14566, 0.930575, 0.335876, 0.00607944, -0.340332, 0.940286, -5.96046e-10, 0.00105625, -7.45058e-10)
bones/46/enabled = true
bones/46/position = Vector3(-5.96046e-10, 0.00105625, -7.45058e-10)
bones/46/rotation = Quaternion(-0.172087, -0.0156025, 0.0714039, 0.982367)
bones/46/scale = Vector3(1, 1, 1)
bones/47/name = "RightHandThumb2_end"
bones/47/parent = 46
bones/47/rest = Transform3D(1, -6.16298e-33, 5.55112e-17, 0, 1, 1.11022e-16, -5.55112e-17, -1.11022e-16, 1, 0, 0.00126905, 0)
bones/47/enabled = true
bones/47/position = Vector3(0, 0.00126905, 0)
bones/47/rotation = Quaternion(-5.55112e-17, 2.77556e-17, 1.54074e-33, 1)
bones/47/scale = Vector3(1, 1, 1)
bones/48/name = "LeftUpLeg"
bones/48/parent = 19
bones/48/rest = Transform3D(0.741165, 0.065713, 0.668116, 0.0681281, -0.997422, 0.0225284, 0.667889, 0.0288196, -0.743715, 0.00120135, 0.000838653, -3.62694e-07)
bones/48/enabled = true
bones/48/position = Vector3(0.00120135, 0.000838653, -3.62694e-07)
bones/48/rotation = Quaternion(0.933044, 0.035861, 0.357966, 0.00168568)
bones/48/scale = Vector3(1.00002, 1, 0.999999)
bones/49/name = "LeftLeg"
bones/49/parent = 48
bones/49/rest = Transform3D(0.958298, -0.250301, 0.137886, 0.269271, 0.952477, -0.142408, -0.0956884, 0.173598, 0.980159, -2.6077e-10, 0.00571424, 9.31323e-11)
bones/49/enabled = true
bones/49/position = Vector3(-2.6077e-10, 0.00571424, 9.31323e-11)
bones/49/rotation = Quaternion(0.080101, 0.0592064, 0.131701, 0.986272)
bones/49/scale = Vector3(1, 1, 1)
bones/50/name = "LeftFoot"
bones/50/parent = 49
bones/50/rest = Transform3D(0.545098, 0.798737, -0.254716, -0.100388, 0.363814, 0.926041, 0.832359, -0.479201, 0.278496, 1.86265e-11, 0.00730867, 7.45058e-11)
bones/50/enabled = true
bones/50/position = Vector3(1.86265e-11, 0.00730867, 7.45058e-11)
bones/50/rotation = Quaternion(-0.475072, -0.367503, -0.303969, 0.739494)
bones/50/scale = Vector3(1.00002, 0.999988, 0.999996)
bones/51/name = "LeftToes"
bones/51/parent = 50
bones/51/rest = Transform3D(-0.991611, -0.000966932, 0.129254, -0.074526, 0.821302, -0.565605, -0.10561, -0.570493, -0.814484, -1.00117e-10, 0.00301254, 7.91624e-11)
bones/51/enabled = true
bones/51/position = Vector3(-1.00117e-10, 0.00301254, 7.91624e-11)
bones/51/rotation = Quaternion(-0.0198189, 0.952286, -0.298255, 0.0616578)
bones/51/scale = Vector3(1, 1, 1)
bones/52/name = "LeftToes_end"
bones/52/parent = 51
bones/52/rest = Transform3D(1, 1.38778e-17, -1.92593e-34, -1.38778e-17, 1, -1.38778e-17, 0, 1.38778e-17, 1, 0, 0.00213236, 0)
bones/52/enabled = true
bones/52/position = Vector3(0, 0.00213236, 0)
bones/52/rotation = Quaternion(6.93889e-18, -4.81482e-35, -6.93889e-18, 1)
bones/52/scale = Vector3(1, 1, 1)
bones/53/name = "RightUpLeg"
bones/53/parent = 19
bones/53/rest = Transform3D(0.700432, -0.0964007, -0.707193, -0.0824449, -0.995133, 0.0539976, -0.70897, 0.0204824, -0.704956, -0.00120295, 0.000840925, -2.15443e-05)
bones/53/enabled = true
bones/53/position = Vector3(-0.00120295, 0.000840925, -2.15443e-05)
bones/53/rotation = Quaternion(0.922023, -0.0484922, -0.383979, -0.0090874)
bones/53/scale = Vector3(1.00002, 1, 1)
bones/54/name = "RightLeg"
bones/54/parent = 53
bones/54/rest = Transform3D(0.953078, 0.285307, 0.10122, -0.2699, 0.95225, -0.142741, -0.137112, 0.108723, 0.984571, 1.49012e-10, 0.00571424, -2.98023e-10)
bones/54/enabled = true
bones/54/position = Vector3(1.49012e-10, 0.00571424, -2.98023e-10)
bones/54/rotation = Quaternion(0.0637495, 0.0604204, -0.140752, 0.986141)
bones/54/scale = Vector3(1, 1, 1)
bones/55/name = "RightFoot"
bones/55/parent = 54
bones/55/rest = Transform3D(0.674203, -0.70123, 0.231789, 0.0642623, 0.368345, 0.927462, -0.735763, -0.610388, 0.293402, -1.11759e-10, 0.00730867, -2.23517e-10)
bones/55/enabled = true
bones/55/position = Vector3(-1.11759e-10, 0.00730867, -2.23517e-10)
bones/55/rotation = Quaternion(-0.503101, 0.316526, 0.250429, 0.76419)
bones/55/scale = Vector3(1.00001, 0.999988, 0.999999)
bones/56/name = "RightToes"
bones/56/parent = 55
bones/56/rest = Transform3D(-0.997107, 0.0387729, -0.0653809, 0.0690691, 0.821302, -0.566298, 0.0317405, -0.569175, -0.821604, -1.5134e-10, 0.00301254, -7.91624e-11)
bones/56/enabled = true
bones/56/position = Vector3(-1.5134e-10, 0.00301254, -7.91624e-11)
bones/56/rotation = Quaternion(0.0282622, 0.953941, -0.297574, -0.0254527)
bones/56/scale = Vector3(1, 1, 1)
bones/57/name = "RightToes_end"
bones/57/parent = 56
bones/57/rest = Transform3D(1, -2.77556e-17, 1.73472e-18, 2.77556e-17, 1, 6.93889e-18, -1.73472e-18, -6.93889e-18, 1, 0, 0.00213236, 0)
bones/57/enabled = true
bones/57/position = Vector3(0, 0.00213236, 0)
bones/57/rotation = Quaternion(-3.46945e-18, 8.67362e-19, 1.38778e-17, 1)
bones/57/scale = Vector3(1, 1, 1)

[node name="BoneAttachment3D" type="BoneAttachment3D" parent="."]
transform = Transform3D(100, -6.90939e-07, 2.40494e-05, 3.04807e-06, 99.5077, -9.90915, -2.38727e-05, 9.90915, 99.5078, 0.00101893, 3.0822, 0.0973856)
bone_name = "Head_end"
bone_idx = 25
use_external_skeleton = true
external_skeleton = NodePath("../DefaultSkeleton")

[node name="Root Scene" parent="BoneAttachment3D" instance=ExtResource("2_am5ef")]
transform = Transform3D(0.007, 7.77156e-17, -3.10862e-16, -7.77156e-17, 0.007, 2.44472e-10, 3.10862e-16, -2.44472e-10, 0.007, 0, 0, 0)

[node name="Inputs" type="Node3D" parent="."]

[node name="Outputs" type="Node3D" parent="."]
